0.000000000000000000e+00 0.000000000000000000e+00 0.000000000000000000e+00
-2.504231408238410950e+00 -1.569490623916499317e+01 3.945086878724396229e+01
-1.010381195787340403e+01 -2.843151083309203386e+01 8.347097788378596306e+01
-2.221278686635196209e+01 -3.864409956918098032e+01 1.317100292374379933e+02
-3.824520135298371315e+01 -4.676695823553018272e+01 1.838177247922867537e+02
-5.761510063614696264e+01 -5.323437262023799121e+01 2.394437664938159287e+02
-7.973652993235737085e+01 -5.848062850954011083e+01 2.982378562875092030e+02
-1.040235344637185335e+02 -6.294001169316470623e+01 3.598496961197815835e+02
-1.298901594458147883e+02 -6.704680795711465180e+01 4.239289879351854324e+02
-1.567504500979557633e+02 -7.123530308995395899e+01 4.901254336796700954e+02
-1.840184516375884414e+02 -7.593978287884965539e+01 5.580887352996505797e+02
-2.111082092840224504e+02 -8.159453311236575246e+01 6.274685947392135859e+02
-2.374607113497331738e+02 -8.860857303300872445e+01 6.979294918817467988e+02
-2.628872311124578118e+02 -9.704367807554081082e+01 7.693390031475573778e+02
-2.874681627405807376e+02 -1.067092489795759320e+02 8.417123142820782959e+02
-3.112899625701829791e+02 -1.174090015206020325e+02 9.150679360651411116e+02
-3.344390869503840804e+02 -1.289466514780651778e+02 9.894243792723864317e+02
-3.570019922219216824e+02 -1.411259146262891591e+02 1.064800154683180153e+03
-3.790651347339153290e+02 -1.537505067444872111e+02 1.141213773073628545e+03
-4.007149708261713386e+02 -1.666241436090786010e+02 1.218683745222631842e+03
-4.220379568422213197e+02 -1.795505409964825958e+02 1.297228581908624619e+03
-4.431205491302534938e+02 -1.923334146854467690e+02 1.376866793906781822e+03
-4.640492040300741792e+02 -2.047764804512262344e+02 1.457616891997400671e+03
-4.849103778880089521e+02 -2.166834540725685656e+02 1.539497386956121773e+03
-5.057905270466580987e+02 -2.278580513249617070e+02 1.622526789562311023e+03
-5.267761078532785177e+02 -2.381039879873860627e+02 1.706723610592074692e+03
-5.479535189568996429e+02 -2.472251085652969778e+02 1.792106315508019179e+03
-5.693785138763487339e+02 -2.550936402531806380e+02 1.878669296810403466e+03
-5.910258782124146819e+02 -2.617624849653802812e+02 1.966343343554064631e+03
-6.128571797916665673e+02 -2.673140392617788166e+02 2.055048861702438444e+03
-6.348339864360168576e+02 -2.718306997015606612e+02 2.144706257224082947e+03
-6.569178659683093429e+02 -2.753948628446087241e+02 2.235235936082433909e+03
-6.790703862132504582e+02 -2.780889252510387450e+02 2.326558304244652390e+03
-7.012531149946153164e+02 -2.799952834800351411e+02 2.418593767675571144e+03
-7.234276201315224171e+02 -2.811963340917136520e+02 2.511262732341885567e+03
-7.455554694468155503e+02 -2.817744736447930336e+02 2.604485604209825397e+03
-7.675982307698577642e+02 -2.818120987007860094e+02 2.698182789242360741e+03
-7.895174719151109457e+02 -2.813916058172471821e+02 2.792274693409446627e+03
-8.112747607119381428e+02 -2.805953915552236140e+02 2.886681722673587501e+03
-8.328316649822518229e+02 -2.795058524743653834e+02 2.981324283002410084e+03
-8.541497525470331311e+02 -2.782053851345553994e+02 3.076122780360747129e+03
-8.751905912300571799e+02 -2.767763860940467566e+02 3.170997620714828372e+03
-8.959157488541677594e+02 -2.753012519136536866e+02 3.265869210031349212e+03
-9.162867932468652725e+02 -2.738623791541904211e+02 3.360657954273279756e+03
-9.362652922226116061e+02 -2.725421643729787320e+02 3.455284259409643710e+03
-9.558128136107698083e+02 -2.714230041310656816e+02 3.549668531404808164e+03
-9.748909252323210239e+02 -2.705872949881013483e+02 3.643731176225002855e+03
-9.934611949110403657e+02 -2.701174335032701492e+02 3.737392599835060537e+03
-1.011485190467908978e+03 -2.700958162371534854e+02 3.830573208202142268e+03
-1.028924479729495943e+03 -2.706048397489357740e+02 3.923193407291080803e+03
-1.045740630514919758e+03 -2.717269005980342627e+02 4.015173603068105876e+03
-1.061895540063269436e+03 -2.735438316008076072e+02 4.106434755107853562e+03
-1.077373698852024972e+03 -2.760988006214611232e+02 4.196935792852193117e+03
-1.092196347948163748e+03 -2.793720823749899864e+02 4.286697408250533044e+03
-1.106388101117685437e+03 -2.833381797128822654e+02 4.375745961355511099e+03
-1.119973572120070457e+03 -2.879715954852290452e+02 4.464107812221627682e+03
-1.132977374724112451e+03 -2.932468325444497168e+02 4.551809320899192244e+03
-1.145424122693017125e+03 -2.991383937420323491e+02 4.638876847441773862e+03
-1.157338429788127542e+03 -3.056207819278351963e+02 4.725336751902475953e+03
-1.168744909776374698e+03 -3.126684999549761415e+02 4.811215394333004951e+03
-1.179668176420032978e+03 -3.202560506735462695e+02 4.896539134786464274e+03
-1.190132843485102057e+03 -3.283579369352664798e+02 4.981334333314560354e+03
-1.200163524732924998e+03 -3.369486615906935185e+02 5.065627349970862269e+03
-1.209784833929501474e+03 -3.460027274917811155e+02 5.149444544807542115e+03
-1.219021384838037193e+03 -3.554946374900173396e+02 5.232812277877237648e+03
-1.227897791223600507e+03 -3.653988944361917675e+02 5.315756909233052284e+03
-1.236438666847534478e+03 -3.756900011817924678e+02 5.398304798927158117e+03
-1.244668625476770103e+03 -3.863424605785403401e+02 5.480482307010330260e+03
-1.252612280874513090e+03 -3.973307754765264690e+02 5.562315793538466096e+03
-1.260294246802106500e+03 -4.086294487277045846e+02 5.643831618562340736e+03
-1.267739137029275298e+03 -4.202129831842612475e+02 5.725056142133660614e+03
-1.274971565315499902e+03 -4.320558816958218813e+02 5.806015724306926131e+03
-1.282016145426779985e+03 -4.441326471148058772e+02 5.886736725133843720e+03
-1.288897491122595966e+03 -4.564177822920028120e+02 5.967245504666585475e+03
-1.295640216174535453e+03 -4.688857900786679238e+02 6.047568422958720475e+03
-1.302268934343010187e+03 -4.815111733269877732e+02 6.127731840061489493e+03
-1.308808259389363229e+03 -4.942684348868206143e+02 6.207762116028461605e+03
-1.315282805080525577e+03 -5.071320776101201773e+02 6.287685610912274569e+03
-1.321717185180634260e+03 -5.200766043486073613e+02 6.367528684765100479e+03
-1.328136013453826308e+03 -5.330765179530717432e+02 6.447317697639577091e+03
-1.334563903662376106e+03 -5.461063212745357305e+02 6.527079009588342160e+03
-1.341025469571352005e+03 -5.591405171649530530e+02 6.606838980664033443e+03
-1.347545324944891036e+03 -5.721536084748804569e+02 6.686623970919288695e+03
-1.354148083547130227e+03 -5.851200980565045029e+02 6.766460340406745672e+03
-1.360858359141275287e+03 -5.980144887599162757e+02 6.846374449178110808e+03
-1.367700765492394567e+03 -6.108112834377679974e+02 6.926392657286953181e+03
-1.374699916365556419e+03 -6.234849849408492446e+02 7.006541324784513563e+03
-1.381880425519309938e+03 -6.360100961194839329e+02 7.086846811726689339e+03
-1.389266906726174057e+03 -6.483611198258586228e+02 7.167335478161927313e+03
-1.396883973741903901e+03 -6.605125589109957218e+02 7.248033684145659208e+03
-1.404756240335293114e+03 -6.724389162266161293e+02 7.328967789729125798e+03
-1.412908320268616080e+03 -6.841146946235094219e+02 7.410164154964964837e+03
-1.421364827307872474e+03 -6.955143969531636685e+02 7.491649139906745404e+03
-1.430150375215336680e+03 -7.066125260670669377e+02 7.573449104605242610e+03
-1.439289577754214406e+03 -7.173835848155431449e+02 7.655590409114956856e+03
-1.448807048690505326e+03 -7.278020760507788509e+02 7.738099413487594575e+03
-1.458727401787415147e+03 -7.378425026244949549e+02 7.821002477775793523e+03
-1.469075250810012221e+03 -7.474793673867825419e+02 7.904325962031725794e+03
-1.479875209520570934e+03 -7.566871731900610030e+02 7.988096226307563484e+03
-1.491151891682296991e+03 -7.654404228844214231e+02 8.072339630658272654e+03
-1.502929911062121391e+03 -7.737136193213518709e+02 8.157082535134628415e+03
-1.515233881421387196e+03 -7.814812653535045683e+02 8.242351299789268523e+03
-1.528088416527956724e+03 -7.887178638309706002e+02 8.328172284674365073e+03
-1.541516690730117261e+03 -7.953993711455259472e+02 8.414570351632777601e+03
-1.555520017378032207e+03 -8.015238192954566330e+02 8.501547608480323106e+03
-1.570082714358344674e+03 -8.071064025775995106e+02 8.589088473307434469e+03
-1.585188652623444796e+03 -8.121627666032873094e+02 8.677176899019628763e+03
-1.600821703129447997e+03 -8.167085569854825735e+02 8.765796838521957397e+03
-1.616965736837126315e+03 -8.207594193376135081e+02 8.854932244718540460e+03
-1.633604624697938561e+03 -8.243309992705471814e+02 8.944567070515360683e+03
-1.650722237671725452e+03 -8.274389423977117985e+02 9.034685268817469478e+03
-1.668302446713671088e+03 -8.300988943318370730e+02 9.125270792528986931e+03
-1.686329122781753540e+03 -8.323265006844885647e+02 9.216307594556827098e+03
-1.704786136828362942e+03 -8.341374070681631565e+02 9.307779627804178745e+03
-1.723657359811477363e+03 -8.355472590951249003e+02 9.399670845177955925e+03
-1.742926662688143551e+03 -8.365717023788020015e+02 9.491965199581813067e+03
-1.762577916414476931e+03 -8.372263825307600200e+02 9.584646643921732903e+03
-1.782594991947524250e+03 -8.375269451637286693e+02 9.677699131102301180e+03
-1.802961760244332254e+03 -8.374890358904376626e+02 9.771106614028103650e+03
-1.823662092258222401e+03 -8.371283003229182214e+02 9.864853045605588704e+03
-1.844679858947172761e+03 -8.364603840732015669e+02 9.958922378739342093e+03
-1.865998931268230081e+03 -8.355009327544830739e+02 1.005329856633394957e+04
-1.887603180175647140e+03 -8.342655919787939638e+02 1.014796556129446253e+04
-1.909476476629264653e+03 -8.327700073593296111e+02 1.024290731652686372e+04
-1.931602691583335400e+03 -8.310298245067242533e+02 1.033810778493573889e+04
-1.953965695992112160e+03 -8.290606890348717570e+02 1.043355091942660511e+04
-1.976549360815435648e+03 -8.268782465565018356e+02 1.052922067290311679e+04
-1.999337557007558644e+03 -8.244981426824815571e+02 1.062510099827265367e+04
-2.022314155526459217e+03 -8.219360230267047882e+02 1.072117584843793884e+04
-2.045463027325458825e+03 -8.192075332005042583e+02 1.081742917630681768e+04
-2.068768043364398181e+03 -8.163283188173081726e+02 1.091384493478201330e+04
-2.092213074598461390e+03 -8.133140254886820912e+02 1.101040707676904276e+04
-2.115781991983763874e+03 -8.101802988280542195e+02 1.110709955517295748e+04
-2.139458666474558413e+03 -8.069427844462916255e+02 1.120390632290020585e+04
-2.163226969031617045e+03 -8.036171279579866678e+02 1.130081133285444230e+04
-2.187070770607329905e+03 -8.002189749733079225e+02 1.139779853794211522e+04
-2.210973942160606384e+03 -7.967639711063820869e+02 1.149485189106641337e+04
-2.234920354645699263e+03 -7.932677619685418904e+02 1.159195534513425082e+04
-2.258893879020586610e+03 -7.897459931729827076e+02 1.168909285304974765e+04
-2.282878386240452528e+03 -7.862143103315029293e+02 1.178624836771795526e+04
-2.306857747264206409e+03 -7.826883590570650995e+02 1.188340584204485640e+04
-2.330815833042375743e+03 -7.791837849617004395e+02 1.198054922893503681e+04
-2.354736514538526535e+03 -7.757162336583714932e+02 1.207766248129308224e+04
-2.378603662703186274e+03 -7.723013507584109902e+02 1.217472955202450976e+04
-2.402401148497126997e+03 -7.689547818754799664e+02 1.227173439403483644e+04
-2.426112842874601483e+03 -7.656921726218424737e+02 1.236866096022818238e+04
-2.449722616790793836e+03 -7.625291686092969030e+02 1.246549320351053029e+04
-2.473214341200888157e+03 -7.594814154498744756e+02 1.256221507678739727e+04
-2.496571887067519128e+03 -7.565645587570033967e+02 1.265881053296243772e+04
-2.519779125342145562e+03 -7.537942441434133798e+02 1.275526352494116873e+04
-2.542819926979020238e+03 -7.511861172197386622e+02 1.285155800563050434e+04
-2.565678162941709161e+03 -7.487558236005716026e+02 1.294767792793270200e+04
-2.588337704180739820e+03 -7.465190088972449303e+02 1.304360724475421011e+04
-2.610782421653158963e+03 -7.444913187217898667e+02 1.313932990900054574e+04
-2.632996186317875981e+03 -7.426883986876346171e+02 1.323482987357629463e+04
-2.654962869128212333e+03 -7.411258944061119109e+02 1.333009109138697386e+04
-2.676666341041214764e+03 -7.398194514906499535e+02 1.342509751533716917e+04
-2.698090473014861345e+03 -7.387847155528143048e+02 1.351983309833239764e+04
-2.719219136003404856e+03 -7.380373322055675089e+02 1.361428179327771068e+04
-2.740036200965754688e+03 -7.375929470625706017e+02 1.370842755307676271e+04
-2.760525538855232298e+03 -7.374672057332936674e+02 1.380225433063739911e+04
-2.780671020629815757e+03 -7.376757538320962340e+02 1.389574607886280864e+04
-2.800456517247483134e+03 -7.382342369717080146e+02 1.398888675065804273e+04
-2.819865899661555886e+03 -7.391583007636945695e+02 1.408166029892908409e+04
-2.838883038830012083e+03 -7.404635908205527812e+02 1.417405067658098415e+04
-2.857491805707104504e+03 -7.421657527547795326e+02 1.426604183651832864e+04
-2.875676071253605187e+03 -7.442804321791045368e+02 1.435761773164616898e+04
-2.893419706420041621e+03 -7.468232747057918459e+02 1.444876231487002224e+04
-2.910706582169048488e+03 -7.498099259473383427e+02 1.453945953909447417e+04
-2.927520569451153278e+03 -7.532560315155424178e+02 1.462969335722597316e+04
-2.943845539226196706e+03 -7.571772370242979378e+02 1.471944772216770798e+04
-2.959665517251938581e+03 -7.615890336346346885e+02 1.480870673970552161e+04
-2.974974249533377588e+03 -7.664972144395578653e+02 1.489746411512652412e+04
-2.989780802297405899e+03 -7.718922872513066977e+02 1.498572868364024907e+04
-3.004095589764416218e+03 -7.777634149675723165e+02 1.507351061170175672e+04
-3.017929026156663895e+03 -7.840997604855801910e+02 1.516082006576750427e+04
-3.031291525690816343e+03 -7.908904867023229599e+02 1.524766721229208633e+04
-3.044193502588197589e+03 -7.981247565157245845e+02 1.533406221773242578e+04
-3.056645371069200337e+03 -8.057917328223120421e+02 1.542001524854311720e+04
-3.068657545353285968e+03 -8.138805785207077861e+02 1.550553647117968649e+04
-3.080240439659915864e+03 -8.223804565067403018e+02 1.559063605209905654e+04
-3.091404468210414052e+03 -8.312805296792648733e+02 1.567532415775535628e+04
-3.102160045222379267e+03 -8.405699609343428165e+02 1.575961095460504293e+04
-3.112517584918066859e+03 -8.502379131698980927e+02 1.584350660910410807e+04
-3.122487501515075564e+03 -8.602735492826905102e+02 1.592702128770714626e+04
-3.132080209236592054e+03 -8.706660321711096913e+02 1.601016515687061474e+04
-3.141306122299283743e+03 -8.814045247316826135e+02 1.609294838304957375e+04
-3.150175654922612011e+03 -8.924781898616347462e+02 1.617538113270141184e+04
-3.158699221327900887e+03 -9.038761904586572200e+02 1.625747357227932662e+04
-3.166887235737405717e+03 -9.155876894197426736e+02 1.633923586823977530e+04
-3.174750112367793918e+03 -9.276018496435135603e+02 1.642067818703921512e+04
-3.182298265439458191e+03 -9.399078340253327042e+02 1.650181069513224065e+04
-3.189542109172791243e+03 -9.524948054638225585e+02 1.658264355897530913e+04
-3.196492057787254453e+03 -9.653519268555101007e+02 1.666318694502394646e+04
-3.203158525504171848e+03 -9.784683610980864614e+02 1.674345101973367855e+04
-3.209551926542073488e+03 -9.918332710892427713e+02 1.682344594955956563e+04
-3.215682675120420754e+03 -1.005435819726204500e+03 1.690318190095806494e+04
-3.221561185459606349e+03 -1.019265169905498624e+03 1.698266904038470238e+04
-3.227197871780954301e+03 -1.033310484525514767e+03 1.706191753429453820e+04
-3.232603148302063346e+03 -1.047560926483012736e+03 1.714093754914309829e+04
-3.237787429245188832e+03 -1.062005658675450832e+03 1.721973925138777122e+04
-3.242761128827929497e+03 -1.076633844000054523e+03 1.729833280748222023e+04
-3.247534661270678043e+03 -1.091434645354282111e+03 1.737672838388336822e+04
-3.252118440793827176e+03 -1.106397225634893402e+03 1.745493614704627544e+04
-3.256522881618700922e+03 -1.121510747740510851e+03 1.753296626342600212e+04
-3.260758397963829339e+03 -1.136764374567661434e+03 1.761082889947853982e+04
-3.264835404047742486e+03 -1.152147269013104960e+03 1.768853422166081145e+04
-3.268764314092695713e+03 -1.167648593975231051e+03 1.776609239642694592e+04
-3.272555542316287756e+03 -1.183257512350101024e+03 1.784351359023340046e+04
-3.276219502940773964e+03 -1.198963187037035823e+03 1.792080796953476965e+04
-3.279766610182821751e+03 -1.214754780930932611e+03 1.799798570078937337e+04
-3.283207278265617788e+03 -1.230621456930646673e+03 1.807505695044947788e+04
-3.286551921409554780e+03 -1.246552377933636308e+03 1.815203188497247174e+04
-3.289810953832231462e+03 -1.262536706837126985e+03 1.822892067081294954e+04
-3.292994789751246572e+03 -1.278563606536714360e+03 1.830573347442876548e+04
-3.296113843392580748e+03 -1.294622239932417870e+03 1.838248046227358282e+04
-3.299178528971038759e+03 -1.310701769919833168e+03 1.845917180080292746e+04
-3.302199260707944632e+03 -1.326791359396185726e+03 1.853581765647372231e+04
-3.305186452826485038e+03 -1.342880171260330826e+03 1.861242819574102759e+04
-3.308150519540533423e+03 -1.358957368407631293e+03 1.868901358506083488e+04
-3.311101875076070428e+03 -1.375012113737408072e+03 1.876558399088727310e+04
-3.314050933646038175e+03 -1.391033570144558325e+03 1.884214957967866212e+04
-3.317008109476417303e+03 -1.407010900528868660e+03 1.891872051788866520e+04
-3.319983816784806550e+03 -1.422933267786400393e+03 1.899530697197234258e+04
-3.322988469790667295e+03 -1.438789834814611822e+03 1.907191910838708282e+04
-3.326032482716254890e+03 -1.454569764511194080e+03 1.914856709358794615e+04
-3.329126269779168069e+03 -1.470262219772906974e+03 1.922526109403045848e+04
-3.332280245200730860e+03 -1.485856363497441635e+03 1.930201127616968006e+04
-3.335504823197610676e+03 -1.501341358581790701e+03 1.937882780646253377e+04
-3.338810417992994189e+03 -1.516706367923878133e+03 1.945572085136361420e+04
-3.342207443805411458e+03 -1.531940554420696571e+03 1.953270057732937858e+04
-3.345706314857117832e+03 -1.547033080969937146e+03 1.960977715081395581e+04
-3.349317445363849401e+03 -1.561973110467661172e+03 1.968696073827566579e+04
-3.353051249547861516e+03 -1.576749805812258273e+03 1.976426150616724044e+04
-3.356918141629546881e+03 -1.591352329901186749e+03 1.984168962094606832e+04
-3.360928535828366876e+03 -1.605769845631672069e+03 1.991925524906720966e+04
-3.365092846364714205e+03 -1.619991515900008380e+03 1.999696855698712170e+04
-3.369421487455256283e+03 -1.634006503604818135e+03 2.007483971115993336e+04
-3.373924873325042427e+03 -1.647803971643093973e+03 2.015287887804210186e+04
-3.378613418189808726e+03 -1.661373082912294194e+03 2.023109622408961877e+04
-3.383497536270879209e+03 -1.674703000309178606e+03 2.030950191575801000e+04
-3.388587641788646579e+03 -1.687782886731671169e+03 2.038810611950233579e+04
-3.393894148962572217e+03 -1.700601905076531693e+03 2.046691900177858770e+04
-3.399427472011186182e+03 -1.713149218240985647e+03 2.054595072904322296e+04
-3.405198025155812502e+03 -1.725413989122956991e+03 2.062521146775037050e+04
-3.411216222617775202e+03 -1.737385380620136857e+03 2.070471138435648754e+04
-3.417492478615604341e+03 -1.749052555628819391e+03 2.078446064531709999e+04
-3.424037207367829978e+03 -1.760404677046695724e+03 2.086446941708819941e+04
-3.430860823094844818e+03 -1.771430907771224156e+03 2.094474786612531170e+04
-3.437973740019835532e+03 -1.782120410700095817e+03 2.102530615888303146e+04
-3.445386372357606888e+03 -1.792462348729604855e+03 2.110615446181921288e+04
-3.453109134331345558e+03 -1.802445884758140892e+03 2.118730294138705358e+04
-3.461152440158650279e+03 -1.812060181682463735e+03 2.126876176404394209e+04
-3.469526704063639045e+03 -1.821294402400264516e+03 2.135054109624400735e+04
-3.478242340262047946e+03 -1.830137709808303043e+03 2.143265110444463789e+04
-3.487309762974269688e+03 -1.838579266803804785e+03 2.151510195510089397e+04
-3.496739386421628296e+03 -1.846608236284926534e+03 2.159790381466783583e+04
-3.506541624823585153e+03 -1.854213781149359420e+03 2.168106684960052371e+04
-3.516726892399601638e+03 -1.861385064293164760e+03 2.176460122635634616e+04
-3.527305603371933103e+03 -1.868111248613800853e+03 2.184851711138989776e+04
-3.538288171956315637e+03 -1.874381497009657323e+03 2.193282467115717009e+04
-3.549685012375004590e+03 -1.880184972376562655e+03 2.201753407211368904e+04
-3.561506538847461343e+03 -1.885510837612906471e+03 2.210265548071498051e+04
-3.573763165594078600e+03 -1.890348255616147071e+03 2.218819906341657043e+04
-3.586465306834317744e+03 -1.894686389283044264e+03 2.227417498667445034e+04
-3.599623376788571477e+03 -1.898514401510823518e+03 2.236059341694461182e+04
-3.613247789675369859e+03 -1.901821455197874457e+03 2.244746452068118379e+04
-3.627348959716036916e+03 -1.904596713239792734e+03 2.253479846434202045e+04
-3.641937301130965352e+03 -1.906829338536132127e+03 2.262260541438031942e+04
-3.657023228137753904e+03 -1.908508493981789798e+03 2.271089553725393489e+04
-3.672617154958657920e+03 -1.909623342475621030e+03 2.279967899941746145e+04
-3.688729495810344815e+03 -1.910163046914618462e+03 2.288896596732642502e+04
-3.705370664917863905e+03 -1.910116770196240395e+03 2.297876660743635148e+04
-3.722551076494157314e+03 -1.909473675217013806e+03 2.306909108620462939e+04
-3.740281144766137004e+03 -1.908222924875561148e+03 2.315994957008399069e+04
-3.758568191115744412e+03 -1.906358209612313658e+03 2.325134883458446711e+04
-3.777402233704924583e+03 -1.903898549765348434e+03 2.334327668414032087e+04
-3.796767276431433856e+03 -1.900871769835241139e+03 2.343571432922501117e+04
-3.816647317172028124e+03 -1.897305703151971102e+03 2.352864297369774431e+04
-3.837026353794150054e+03 -1.893228183041792363e+03 2.362204382142191753e+04
-3.857888384176418185e+03 -1.888667042834684253e+03 2.371589807625580579e+04
-3.879217406184412539e+03 -1.883650115857832134e+03 2.381018694206280634e+04
-3.900997417694889009e+03 -1.878205235439585522e+03 2.390489162270212546e+04
-3.923212416579946876e+03 -1.872360234908992425e+03 2.399999332203576341e+04
-3.945846400708891451e+03 -1.866142947593005374e+03 2.409547324392525479e+04
-3.968883367959409952e+03 -1.859581206821370870e+03 2.419131259223027155e+04
-3.992307316198013723e+03 -1.852702845920342952e+03 2.428749257081327960e+04
-4.016102243302389979e+03 -1.845535698220133781e+03 2.438399438353348523e+04
-4.040252147141844034e+03 -1.838107597047928721e+03 2.448079923425382003e+04
-4.064741025590337813e+03 -1.830446375732310116e+03 2.457788832683442160e+04
-4.089552876517176628e+03 -1.822579867600928992e+03 2.467524286513635889e+04
-4.114671697799116373e+03 -1.814535905982600525e+03 2.477284405302023515e+04
-4.140081487304531038e+03 -1.806342324205208570e+03 2.487067309434851632e+04
-4.165766242909245193e+03 -1.798026955596869811e+03 2.496871119298087433e+04
-4.191709962484426796e+03 -1.789617633486865088e+03 2.506693955277837813e+04
-4.217896643902175128e+03 -1.781142191202379763e+03 2.516533937760256231e+04
-4.244310285033658147e+03 -1.772628462071297690e+03 2.526389187131542712e+04
-4.270934883754700422e+03 -1.764104279422899708e+03 2.536257823777617887e+04
-4.297754437934607267e+03 -1.755597476585069671e+03 2.546137968084635213e+04
-4.324752945447340608e+03 -1.747135886885924265e+03 2.556027740438701585e+04
-4.351914404163137078e+03 -1.738747343653347343e+03 2.565925261226063594e+04
-4.379222811957821250e+03 -1.730459680215921253e+03 2.575828650832641870e+04
-4.406662166699767113e+03 -1.722300729901995510e+03 2.585736029644636437e+04
-4.434216466267593205e+03 -1.714298326040152460e+03 2.595645518048061058e+04
-4.461869708527810872e+03 -1.706480301957810298e+03 2.605555236429069191e+04
-4.489605891354382038e+03 -1.698874490983318537e+03 2.615463305173814297e+04
-4.517409012619405985e+03 -1.691508726445259526e+03 2.625367844668310136e+04
-4.545263070196844637e+03 -1.684410841671517119e+03 2.635266975298756734e+04
-4.573152061959728599e+03 -1.677608669990673661e+03 2.645158817451167852e+04
-4.601059985776431859e+03 -1.671130044731078669e+03 2.655041491511696950e+04
-4.628970839522778988e+03 -1.665002799220383167e+03 2.664913117866497487e+04
-4.656868621069937944e+03 -1.659254766786703840e+03 2.674771816901629791e+04
-4.684737328292801976e+03 -1.653913780759554356e+03 2.684615709003107622e+04
-4.712560959059745073e+03 -1.649007674465654418e+03 2.694442914557084441e+04
-4.740323511244729161e+03 -1.644564281234284863e+03 2.704251553949713707e+04
-4.768008982721716166e+03 -1.640611434392863885e+03 2.714039747567102313e+04
-4.795601371362805367e+03 -1.637176967270206660e+03 2.723805615795310587e+04
-4.823084675038233399e+03 -1.634288713194197044e+03 2.733547279020491987e+04
-4.850442891621962190e+03 -1.631974505493650213e+03 2.743262857628660277e+04
-4.877660018986091018e+03 -1.630262177495518699e+03 2.752950472006015480e+04
-4.904720055002719164e+03 -1.629179562529083341e+03 2.762608242538617924e+04
-4.931606997545808554e+03 -1.628754493923159316e+03 2.772234289612481371e+04
-4.958304844487458467e+03 -1.629014805004699156e+03 2.781826733613852412e+04
-4.984797593696042895e+03 -1.629988329102052376e+03 2.791383694928837940e+04
-5.011069243049249053e+03 -1.631702899544499815e+03 2.800903293943451717e+04
-5.037103790418244898e+03 -1.634186349659226835e+03 2.810383651043800637e+04
-5.062885233672335744e+03 -1.637466512774350122e+03 2.819822886616084725e+04
-5.088397570687346160e+03 -1.641571222218684852e+03 2.829219121046317741e+04
-5.113624799334444106e+03 -1.646528311320813373e+03 2.838570474720606580e+04
-5.138550917485728860e+03 -1.652365613408386707e+03 2.847875068025058135e+04
-5.163159923015162349e+03 -1.659110961809288710e+03 2.857131021345825866e+04
-5.187435813792049885e+03 -1.666792189852567390e+03 2.866336455069016665e+04
-5.211362587692216039e+03 -1.675437130865873769e+03 2.875489489580644295e+04
-5.234924242585897446e+03 -1.685073618177324533e+03 2.884588245266862214e+04
-5.258104776346124709e+03 -1.695729485115734860e+03 2.893630842513823882e+04
-5.280888186844997108e+03 -1.707432565009221435e+03 2.902615401707543060e+04
-5.303258471956476569e+03 -1.720210691185900941e+03 2.911540043234173208e+04
-5.325199629550799727e+03 -1.734091696973657236e+03 2.920402887479867786e+04
-5.346695657502859831e+03 -1.749103415701305494e+03 2.929202054830593988e+04
-5.367730553681030869e+03 -1.765273680696031079e+03 2.937935665672644973e+04
-5.388288315962068737e+03 -1.782630325287114829e+03 2.946601840391941369e+04
-5.408352942216210067e+03 -1.801201182802673429e+03 2.955198699374636635e+04
-5.427908430316485465e+03 -1.821014086570590734e+03 2.963724363006930798e+04
-5.446938778135925531e+03 -1.842096869919681922e+03 2.972176951674744487e+04
-5.465427983543835580e+03 -1.864477366177365184e+03 2.980554585764370859e+04
-5.483360044417902827e+03 -1.888183408672455698e+03 2.988855385661823675e+04
-5.500718958623707294e+03 -1.913242830732371658e+03 2.997077471753256395e+04
-5.517488724039867520e+03 -1.939683465686161071e+03 3.005218964424729347e+04
-5.533653338536620140e+03 -1.967533146862406284e+03 3.013277984062302858e+04
-5.549196799984201789e+03 -1.996819707587826997e+03 3.021252651052130386e+04
-5.564103106257505715e+03 -2.027570981191471219e+03 3.029141085780411959e+04
