2.387614226900041103e-01 -1.731881899095606059e+01 3.704948261368554085e+01
-5.149565109074046632e+00 -1.414337445181723751e+01 4.179387195119875287e+01
-9.951936859260968049e+00 -1.140221570047674504e+01 4.618796323431979545e+01
-1.416835382795579790e+01 -9.095342736774000514e+00 5.023175646294748731e+01
-1.779881601496163057e+01 -7.222755560768746363e+00 5.392525163710888592e+01
-2.084332342044581310e+01 -5.784454172502591973e+00 5.726844875679307734e+01
-2.330187604422826553e+01 -4.780438571917329682e+00 6.026134782208464458e+01
-2.517447388650180073e+01 -4.210708759001136059e+00 6.290394883285262040e+01
-2.646111694720457308e+01 -4.075264733841322595e+00 6.519625178920978215e+01
-2.716180522622016724e+01 -4.374106496354215778e+00 6.713825669106881833e+01
-2.727653872374503408e+01 -5.107234046590747312e+00 6.872996353846974671e+01
-2.680531743963365443e+01 -6.274647384496347513e+00 6.997137233144167112e+01
-2.587813261530851605e+01 -7.754444038159178376e+00 7.093378158964411284e+01
-2.498931630434481121e+01 -9.083052010415769928e+00 7.188832607054490609e+01
-2.418695633750030538e+01 -1.021537575980926249e+01 7.286138132912878973e+01
-2.347105271471536980e+01 -1.115141528629578715e+01 7.385294736540345184e+01
-2.284160543593407056e+01 -1.189117058989040743e+01 7.486302417939714360e+01
-2.229861450124008115e+01 -1.243464167060665204e+01 7.589161177106734613e+01
-2.184207991058065090e+01 -1.278182852840200212e+01 7.693871014045726042e+01
-2.147200166398033616e+01 -1.293273116331965866e+01 7.800431928753641841e+01
-2.118837976143913693e+01 -1.288734957535962167e+01 7.908843921229163243e+01
-2.099121420296069118e+01 -1.264568376449278730e+01 8.019106991478292912e+01
-2.088050498848315328e+01 -1.220773373073279799e+01 8.131221139494846284e+01
-2.085625211810111068e+01 -1.157349947409784363e+01 8.245186365281915641e+01
-2.091845559178182157e+01 -1.074298099456063937e+01 8.361002668837318197e+01
-2.106711540948163019e+01 -9.716178292106633307e+00 8.478670050165237626e+01
-2.130099948189410242e+01 -8.495840695726561975e+00 8.598091723828972022e+01
-2.154258498985763026e+01 -7.254955440136168221e+00 8.713177969553308344e+01
-2.174573832083819980e+01 -6.096466744260510495e+00 8.820304811859907090e+01
-2.191045947480688483e+01 -5.020374608074178013e+00 8.919472250748759734e+01
-2.203674845182172248e+01 -4.026679031580783885e+00 9.010680286217325374e+01
-2.212460525180995319e+01 -3.115380014776633288e+00 9.093928918268511552e+01
-2.217402987480090815e+01 -2.286477557669172711e+00 9.169218146899413568e+01
-2.218502232080754766e+01 -1.539971660272385634e+00 9.236547972111520721e+01
-2.215758258984806162e+01 -8.758623225510291377e-01 9.295918393905458288e+01
-2.209171068187424680e+01 -2.941495445327291236e-01 9.347329412279873395e+01
-2.198740659691975452e+01 2.051666737811501662e-01 9.390781027235470901e+01
-2.184467033496548538e+01 6.220863324065248889e-01 9.426273238772228069e+01
-2.166350189598779252e+01 9.566094313408939342e-01 9.453806046890076686e+01
-2.144390128005397855e+01 1.208735970586985786e+00 9.473379451591335965e+01
-2.118586848712220672e+01 1.378465950115241867e+00 9.484993452870185138e+01
-2.088940351722158084e+01 1.465799369962041965e+00 9.488648050731626427e+01
-2.055450637029571226e+01 1.470736230110560427e+00 9.484343245174204640e+01
-2.018117704640826560e+01 1.393276530554430792e+00 9.472079036197010282e+01
-1.976941554548102431e+01 1.233420271319118910e+00 9.451855423801407596e+01
-1.931922186760857585e+01 9.911674523782494362e-01 9.423672407988124178e+01
-1.883059601272179862e+01 6.665180737418268109e-01 9.387529988754795340e+01
-1.830353798084979644e+01 2.594721354162174975e-01 9.343428166103149124e+01
-1.773804777197074145e+01 -2.299703626085829455e-01 9.291366940031912236e+01
-1.713412538609554758e+01 -8.018094203289365396e-01 9.231346310543267464e+01
-1.649177082327514654e+01 -1.456045037757576210e+00 9.163366277633940626e+01
-1.581411822207554252e+01 -2.187313604809618894e+00 9.087953560067981584e+01
-1.514630164802810697e+01 -2.918374911901219448e+00 9.012693322904242166e+01
-1.450309883799494060e+01 -3.623939070276925634e+00 8.940069090997346279e+01
-1.388450979198336199e+01 -4.304006079933110129e+00 8.870080864348747696e+01
-1.329053450998597441e+01 -4.958575940867930854e+00 8.802728642957356442e+01
-1.272117299200294838e+01 -5.587648653081416228e+00 8.738012426825352463e+01
-1.217642523802686583e+01 -6.191224216588096851e+00 8.675932215949828219e+01
-1.165629124807958306e+01 -6.769302631362535294e+00 8.616488010332963654e+01
-1.116077102214671868e+01 -7.321883897430211618e+00 8.559679809973664533e+01
-1.068986456021343656e+01 -7.848968014772822244e+00 8.505507614873039302e+01
-1.024357186230918160e+01 -8.350554983401423215e+00 8.453971425029612874e+01
-9.821892928404167833e+00 -8.826644803304930065e+00 8.405071240444124214e+01
-9.424827758536139299e+00 -9.277237474498292613e+00 8.358807061116544901e+01
-9.052376352674400550e+00 -9.702332996966333667e+00 8.315178887046931777e+01
-8.704538710833730875e+00 -1.010193137072030822e+01 8.274186718235625904e+01
-8.381314833000942599e+00 -1.047603259574952972e+01 8.235830554681865578e+01
-8.082704719174671482e+00 -1.082463667206434366e+01 8.200110396386412503e+01
-7.808708369384930847e+00 -1.114774359966168049e+01 8.167026243348163916e+01
-7.559325783601707371e+00 -1.144535337854131285e+01 8.136578095568211211e+01
-7.334556961841371958e+00 -1.171746600870346811e+01 8.108765953045781316e+01
-7.134401904072547040e+00 -1.196408149013677757e+01 8.083589815782079313e+01
-6.958860610338888364e+00 -1.218519982286306913e+01 8.061049683775945596e+01
-6.807933080613111088e+00 -1.238082100686460763e+01 8.041145557027357427e+01
-6.681619314908857632e+00 -1.255094504215185225e+01 8.023877435536724079e+01
-6.579919313226127997e+00 -1.269557192872207452e+01 8.009245319304000077e+01
-6.502833075549460773e+00 -1.281470166656617948e+01 7.997249208329594694e+01
-6.450360601882493938e+00 -1.290833425569007886e+01 7.987889102613098657e+01
-6.422501892247964861e+00 -1.297646969610605083e+01 7.981165002153875321e+01
-6.419256946610403247e+00 -1.301910798779499601e+01 7.977076906953107027e+01
-6.440625765006188885e+00 -1.303624913077237579e+01 7.975624817010475454e+01
-6.486608347420769860e+00 -1.302789312502773100e+01 7.976808732325480378e+01
-6.557204693832318299e+00 -1.299403997055924265e+01 7.980628652898576547e+01
-6.652414804262662074e+00 -1.293468966738328163e+01 7.987084578728990891e+01
-6.772238678700887249e+00 -1.284984221548620553e+01 7.996176509817360056e+01
-6.916676317176097655e+00 -1.273949761486892385e+01 8.007904446163593093e+01
-7.085727719644637546e+00 -1.260365586552597961e+01 8.022268387768872344e+01
-7.279392886146524688e+00 -1.244231696747465321e+01 8.039268334630651225e+01
-7.497671816654474242e+00 -1.225548092069584527e+01 8.058904286751112522e+01
-7.740564511175762163e+00 -1.204314772520046972e+01 8.081176244129346742e+01
-8.008070969717664411e+00 -1.180531738098852657e+01 8.106084206766172429e+01
-8.300191192280180985e+00 -1.154198988806092530e+01 8.133628174659952492e+01
-8.616925178863311885e+00 -1.125316524641584692e+01 8.163808147811323579e+01
-8.958272929445229238e+00 -1.093884345604965347e+01 8.196624126221286133e+01
-9.324234444051398896e+00 -1.059902451696689241e+01 8.232076109888839710e+01
-9.714809722659992985e+00 -1.023370842915210233e+01 8.270164098815257603e+01
-1.012999876530375332e+01 -9.842895192639844026e+00 8.310888092998175125e+01
-1.056980157194993808e+01 -9.426584807391918730e+00 8.354248092439775064e+01
-1.103421814260218525e+01 -8.984777273435611278e+00 8.400244097139329824e+01
-1.152324847730778856e+01 -8.517472590758188744e+00 8.448876107096657506e+01
-1.203689257601217832e+01 -8.024670759363289108e+00 8.500144122311758110e+01
-1.257515043870080262e+01 -7.506371779243636411e+00 8.554048142784995434e+01
-1.313802206544278306e+01 -6.962575650415601558e+00 8.610588168515641883e+01
-1.371826513564643690e+01 -6.400595787939513670e+00 8.669010382640918522e+01
-1.428569998748224812e+01 -5.850908113575394864e+00 8.726173535345535015e+01
-1.483700579567603484e+01 -5.316866051638267976e+00 8.781731978560023322e+01
-1.537218256019870921e+01 -4.798469602131778089e+00 8.835685712284745819e+01
-1.589123028105026947e+01 -4.295718765046828480e+00 8.888034736519338708e+01
-1.639414895824529594e+01 -3.808613540392528307e+00 8.938779051264167208e+01
-1.688093859178371758e+01 -3.337153928163374417e+00 8.987918656518867522e+01
-1.735159918165095405e+01 -2.881339928363018998e+00 9.035453552283988188e+01
-1.780613072786167095e+01 -2.441171540991518896e+00 9.081383738558611185e+01
-1.824453323041598196e+01 -2.016648766045250341e+00 9.125709215343647429e+01
-1.866680668929893727e+01 -1.607771603524042803e+00 9.168429982638929232e+01
-1.907295110452525932e+01 -1.214540053433495359e+00 9.209546040444081427e+01
-1.946296647609528918e+01 -8.369541157717890201e-01 9.249057388759098330e+01
-1.983685280399424755e+01 -4.750137905298288388e-01 9.286964027584713222e+01
-2.019461008823645898e+01 -1.287190777203477410e-01 9.323265956919840391e+01
-2.053623832881476119e+01 2.019300226604059390e-01 9.357963176764837954e+01
-2.086173752572926787e+01 5.169335106196513152e-01 9.391055687120797302e+01
-2.117110767898020640e+01 8.162913861463039211e-01 9.422543487986263244e+01
-2.146434878857439799e+01 1.100003649247810245e+00 9.452426579361963377e+01
-2.174146085451184263e+01 1.368070299917008015e+00 9.480704961247170104e+01
-2.200244387677776103e+01 1.620491338168335460e+00 9.507378633642645127e+01
-2.224729785539557270e+01 1.857266763986899605e+00 9.532447596548661295e+01
-2.247602279034163075e+01 2.078396577380544841e+00 9.555911849964581961e+01
-2.268861868163048712e+01 2.283880778345292129e+00 9.577771393890020590e+01
-2.288508552924940886e+01 2.473719366881141468e+00 9.598026228326011733e+01
-2.306542333321158367e+01 2.647912342991730839e+00 9.616676353271896005e+01
-2.322963209350882607e+01 2.806459706673877008e+00 9.633721768727696144e+01
-2.337771181014977628e+01 2.949361457930763208e+00 9.649162474694412595e+01
-2.350966248312852258e+01 3.076617596758524087e+00 9.662998471170612902e+01
-2.362548411244188173e+01 3.188228123157614391e+00 9.675229758156729076e+01
-2.372517669810531515e+01 3.284193037132126847e+00 9.685856335652397320e+01
-2.380874024009153800e+01 3.364512338680697212e+00 9.694878203658936400e+01
-2.387617473842965410e+01 3.429186027796276903e+00 9.702295362175345872e+01
-2.392748019310147356e+01 3.478214104487960867e+00 9.708107811202080484e+01
-2.396265660409699194e+01 3.511596568757340719e+00 9.712315550738230741e+01
-2.398170397144804156e+01 3.529333420594866766e+00 9.714918580784706137e+01
-2.398462229512915656e+01 3.531424660007360217e+00 9.715916901342097844e+01
-2.397141157514761289e+01 3.517870286986180872e+00 9.715310512408223076e+01
-2.394207181150886754e+01 3.488670301544061658e+00 9.713099413984991770e+01
-2.389660300421928696e+01 3.443824703670088638e+00 9.709283606071676331e+01
-2.383500515323248692e+01 3.383333493376994738e+00 9.703863088669186254e+01
-2.375727825861395104e+01 3.307196670642042591e+00 9.696837861775657075e+01
-2.366342232033093751e+01 3.215414235498428752e+00 9.688207925392907782e+01
-2.355343733838344633e+01 3.107986187912956666e+00 9.677973279519846983e+01
-2.342732331277693447e+01 2.984912527908818447e+00 9.666133924156838475e+01
-2.328508024350048800e+01 2.846193255471916927e+00 9.652689859304155107e+01
-2.312670813057775376e+01 2.691828370607254328e+00 9.637641084961069282e+01
-2.295220697397780896e+01 2.521817873316649639e+00 9.620987601128490496e+01
-2.276157677370974852e+01 2.336161763602831343e+00 9.602729407806145900e+01
-2.255481752980267629e+01 2.134860041456704494e+00 9.582866504992944101e+01
-2.233192924222021247e+01 1.917912706883726059e+00 9.561398892690522189e+01
-2.209291191097327101e+01 1.685319759890262503e+00 9.538326570898516366e+01
-2.183776553606912785e+01 1.437081200463580899e+00 9.513649539616017137e+01
-2.156649011750960199e+01 1.173197028609138215e+00 9.487367798843752098e+01
-2.127908565527832252e+01 8.936672443314819247e-01 9.459481348581357452e+01
-2.097555214938620338e+01 5.984918476206075866e-01 9.429990188829015096e+01
-2.065588959984233952e+01 2.876708384865196422e-01 9.398894319586815982e+01
-2.032009800662126509e+01 -3.879578307260089787e-02 9.366193740855123906e+01
-1.996817736974844593e+01 -3.809080170594825177e-01 9.331888452632665576e+01
-1.960012768921660609e+01 -7.386658634777631960e-01 9.295978454920805234e+01
-1.921594896502938354e+01 -1.112069322323804954e+00 9.258463747718633385e+01
-1.881564119715767447e+01 -1.501118393591241329e+00 9.219344331026877626e+01
-1.839920438563785865e+01 -1.905813077293714741e+00 9.178620204844628461e+01
-1.796663853046266013e+01 -2.326153373415763781e+00 9.136291369173522980e+01
-1.751794363161388901e+01 -2.762139281969211879e+00 9.092357824011560297e+01
-1.705311968911337317e+01 -3.213770802954968531e+00 9.046819569359831803e+01
-1.657216670293200877e+01 -3.681047936357572326e+00 8.999676605218519398e+01
-1.607508467311345157e+01 -4.163970682195213158e+00 8.950928931587077386e+01
-1.556329344532801606e+01 -4.661122433588007041e+00 8.900716769344063550e+01
-1.505590681907001027e+01 -5.153432991994877810e+00 8.850927755808970687e+01
-1.455893441271269495e+01 -5.634906447732671353e+00 8.802155387838018896e+01
-1.407237622623060247e+01 -6.105542800795932479e+00 8.754399665431574817e+01
-1.359623225965282245e+01 -6.565342051186476624e+00 8.707660588589999406e+01
-1.313050251295391035e+01 -7.014304198902486576e+00 8.661938157313112185e+01
-1.267518698614114214e+01 -7.452429243945786652e+00 8.617232371600184138e+01
-1.223028567922904131e+01 -7.879717186316355537e+00 8.573543231452127600e+01
-1.179579859220666549e+01 -8.296168026016033537e+00 8.530870736868395454e+01
-1.137172572507421364e+01 -8.701781763041211093e+00 8.489214887849165336e+01
-1.095806707781690648e+01 -9.096558397395483553e+00 8.448575684394626251e+01
-1.055482265046748580e+01 -9.480497929073351315e+00 8.408953126504229658e+01
-1.016199244300787541e+01 -9.853600358082189814e+00 8.370347214178337936e+01
-9.779576455430856186e+00 -1.021586568441830423e+01 8.332757947417132982e+01
-9.407574687750638986e+00 -1.056729390807805657e+01 8.296185326220620482e+01
-9.045987139960402601e+00 -1.090788502906872282e+01 8.260629350588067155e+01
-8.694813812052643698e+00 -1.123763904738126485e+01 8.226090020520382495e+01
-8.354054704034751921e+00 -1.155655596302653976e+01 8.192567336017015123e+01
-8.023709815913889543e+00 -1.186463577599550945e+01 8.160061297078152620e+01
-7.703779147675504646e+00 -1.216187848629351720e+01 8.128571903703800672e+01
-7.394262699334149147e+00 -1.244828409391880086e+01 8.098099155893953593e+01
-7.095160470882547088e+00 -1.272385259887130360e+01 8.068643053648440855e+01
-6.806472462320471095e+00 -1.298858400114932010e+01 8.040203596967614885e+01
-6.528198673655424500e+00 -1.324247830075819365e+01 8.012780785851293786e+01
-6.260339104866034177e+00 -1.348553549769087567e+01 7.986374620299284288e+01
-6.002893755973218504e+00 -1.371775559195259575e+01 7.960985100311972928e+01
-5.755862626978796470e+00 -1.393913858353823798e+01 7.936612225889143701e+01
-5.519245717865032930e+00 -1.414968447245439620e+01 7.913255997030501021e+01
-5.293043028641932324e+00 -1.434939325869800086e+01 7.890916413736681534e+01
-5.077254559315406368e+00 -1.453826494226495925e+01 7.869593476007230493e+01
-4.871880309871812642e+00 -1.471629952316311574e+01 7.849287183842261584e+01
-4.676920280326157808e+00 -1.488349700138701337e+01 7.829997537241592909e+01
-4.492374470668437425e+00 -1.503985737693778901e+01 7.811724536205656477e+01
-4.318242880893194524e+00 -1.518538064981567004e+01 7.794468180734065754e+01
-4.154525511009524052e+00 -1.532006682001951958e+01 7.778228470826911689e+01
-4.001222361021063989e+00 -1.544391588755570410e+01 7.763005406484489868e+01
-3.858333430924176355e+00 -1.555692785241421916e+01 7.748798987706186381e+01
-3.725858720708856708e+00 -1.565910271460143122e+01 7.735609214492751562e+01
-3.603798230391475954e+00 -1.575044047411461179e+01 7.723436086843821613e+01
-3.492151959962029650e+00 -1.583094113095603461e+01 7.712279604758896312e+01
-3.390919909424155776e+00 -1.590060468512365333e+01 7.702139768238976103e+01
-3.300102078783311299e+00 -1.595943113661860480e+01 7.693016577283015067e+01
-3.219698468014939863e+00 -1.600742048544361751e+01 7.684910031892150073e+01
-3.149709077154511760e+00 -1.604457273159323449e+01 7.677820132065335201e+01
-3.090133906166556699e+00 -1.607088787506745575e+01 7.671746877803343523e+01
-3.040972955077450024e+00 -1.608636591587128351e+01 7.666690269105947664e+01
-3.002226223891739210e+00 -1.609100685400790098e+01 7.662650305972510978e+01
-2.973893712582139415e+00 -1.608481068946321102e+01 7.659626988403715586e+01
-2.955975421160474070e+00 -1.606777742224812755e+01 7.657620316399743388e+01
-2.948471349631290650e+00 -1.603990705236537906e+01 7.656630289959957736e+01
-2.951381497996408143e+00 -1.600119957980132313e+01 7.656656909084813378e+01
-2.964705866252188571e+00 -1.595165500457278540e+01 7.657700173773901042e+01
-2.988444454400450923e+00 -1.589127332666794246e+01 7.659760084027493576e+01
-3.022597262424824294e+00 -1.582005454608361106e+01 7.662836639845863829e+01
-3.067164290343498578e+00 -1.573799866283661686e+01 7.666929841228738951e+01
-3.122145538167387713e+00 -1.564510567691195320e+01 7.672039688176027994e+01
-3.187541005874663824e+00 -1.554137558831462229e+01 7.678166180687367159e+01
-3.263350693472602870e+00 -1.542680839704462414e+01 7.685309318763665942e+01
-3.349574600957566872e+00 -1.530140410310559673e+01 7.693469102404469595e+01
-3.446212728327736841e+00 -1.516516270649208309e+01 7.702645531609323371e+01
-3.553265075588569744e+00 -1.501808420719862625e+01 7.712838606378954864e+01
-3.670731642747341539e+00 -1.486016860523886862e+01 7.724048326713455026e+01
-3.798612429798595258e+00 -1.469141590060917224e+01 7.736274692611550563e+01
-3.936907436725959997e+00 -1.451182609330044215e+01 7.749517704074878566e+01
-4.085616663551263628e+00 -1.432139918332268280e+01 7.763777361102620489e+01
-4.244740110267230193e+00 -1.412013517066770873e+01 7.779053663694685383e+01
-4.414277776873859693e+00 -1.390803405534461490e+01 7.795346611851164198e+01
-4.594229663372971117e+00 -1.368509583734794433e+01 7.812656205572329782e+01
-4.784595769764564466e+00 -1.345132051667951600e+01 7.830982444857545488e+01
-4.985376096032268833e+00 -1.320670809333296347e+01 7.850325329707629862e+01
-5.196570642201550072e+00 -1.295125856731647218e+01 7.870684860122582904e+01
-5.418179408265132224e+00 -1.268497193862913264e+01 7.892061036101131322e+01
-5.650202394208463375e+00 -1.240784820726548787e+01 7.914453857644548407e+01
-5.892639600046095438e+00 -1.211988737323281384e+01 7.937863324752834160e+01
-6.145491025778028416e+00 -1.182108943652656308e+01 7.962289437424988137e+01
-6.408756671389710391e+00 -1.151145439714400709e+01 7.987732195661919832e+01
-6.682436536899331259e+00 -1.119098225509151234e+01 8.014191599463811144e+01
-6.966530622292339103e+00 -1.085967301036544086e+01 8.041667648829388781e+01
-7.261038927579647861e+00 -1.051752666296670213e+01 8.070160343759744137e+01
-7.565961452764895512e+00 -1.016454321289529616e+01 8.099669684254877211e+01
-7.881298197833530139e+00 -9.800722660149403964e+00 8.130195670314242307e+01
-8.207049162789189722e+00 -9.426065004730844521e+00 8.161738301938203222e+01
-8.543214347642788198e+00 -9.040570246643255814e+00 8.194297579126214259e+01
-8.889793752376135672e+00 -8.644238385881180875e+00 8.227873501879184914e+01
-9.246787377011060016e+00 -8.237069422444619704e+00 8.262466070196569490e+01
-9.614195221529371338e+00 -7.819063356335391290e+00 8.298075284078367986e+01
-9.992017285945621552e+00 -7.390220187553495634e+00 8.334701143524944200e+01
-1.038025357024525874e+01 -6.950539916102570714e+00 8.372343648535752436e+01
-1.077890407443919685e+01 -6.500022541975340573e+00 8.411002799110974593e+01
-1.118796879851652193e+01 -6.038668065175443189e+00 8.450678595250792569e+01
-1.160744774248450994e+01 -5.566476485701059573e+00 8.491371036955024465e+01
-1.203734090634679887e+01 -5.083447803555827704e+00 8.533080124223670282e+01
-1.247764829009611276e+01 -4.589582018736109603e+00 8.575805857056730019e+01
-1.292836989374336554e+01 -4.084879131247362238e+00 8.619548235454567475e+01
-1.338950571727036731e+01 -3.569339141082309652e+00 8.664307259416818852e+01
-1.386105576069530798e+01 -3.042962048246408813e+00 8.710082928943484148e+01
-1.434302002401818754e+01 -2.505747852737840731e+00 8.756875244034745265e+01
-1.483539850720990216e+01 -1.957696554558424396e+00 8.804684204690238403e+01
-1.533819121029955568e+01 -1.398808153700883850e+00 8.853509810910691158e+01
-1.585139813328714808e+01 -8.290826501706760610e-01 8.903352062695012137e+01
-1.637501927615812747e+01 -2.485200439750769874e-01 8.954210960044110834e+01
-1.690905463891976979e+01 3.428796649004652863e-01 9.006086502957805351e+01
-1.745350422157207504e+01 9.451164764486748027e-01 9.058978691436095687e+01
-1.800836802412231918e+01 1.558190390667732572e+00 9.112887525478436146e+01
-1.856320847620535375e+01 2.166822030154391676e+00 9.166668641282907970e+01
-1.910220967932793457e+01 2.747858776599247932e+00 9.218588001025273115e+01
-1.962520875485891736e+01 3.301062194811279937e+00 9.268627746871284501e+01
-2.013220570280557808e+01 3.826432284797753880e+00 9.316787878820581170e+01
-2.062320052314603913e+01 4.323969046558687523e+00 9.363068396873526922e+01
-2.109819321590219943e+01 4.793672480088616794e+00 9.407469301029938435e+01
-2.155718378106678301e+01 5.235542585392977344e+00 9.449990591290540465e+01
-2.200017221863959094e+01 5.649579362468216459e+00 9.490632267654982002e+01
-2.242715852862829706e+01 6.035782811315982599e+00 9.529394330121783696e+01
-2.283814271101084614e+01 6.394152931932751471e+00 9.566276778692787275e+01
-2.323312476581622832e+01 6.724689724324036888e+00 9.601279613367256616e+01
-2.361210469302272941e+01 7.027393188487963016e+00 9.634402834145924999e+01
-2.397508249263773905e+01 7.302263324424416169e+00 9.665646441027683977e+01
-2.432205816466807846e+01 7.549300132126404606e+00 9.695010434012556289e+01
-2.465303170908555330e+01 7.768503611608025494e+00 9.722494813101968703e+01
-2.496800312593268245e+01 7.959873762858933333e+00 9.748099578294522871e+01
-2.526697241518104420e+01 8.123410585882311352e+00 9.771824729590866809e+01
-2.554993957684473571e+01 8.259114080674976321e+00 9.793670266990352502e+01
-2.581690461091011457e+01 8.366984247239997785e+00 9.813636190494003131e+01
-2.606786751737718077e+01 8.447021085581127409e+00 9.831722500100750040e+01
-2.630282829626594321e+01 8.499224595691430295e+00 9.847929195811343561e+01
-2.652178694755639299e+01 8.523594777574317050e+00 9.862256277625397161e+01
-2.672474347125535132e+01 8.520131631230015046e+00 9.874703745543661171e+01
-2.691169786736918468e+01 8.488835156658296910e+00 9.885271599564657663e+01
-2.708265013587879366e+01 8.429705353855069916e+00 9.893959839689432556e+01
-2.723760027680327767e+01 8.342742222824654164e+00 9.900768465918054062e+01
-2.737654829014263669e+01 8.227945763563639048e+00 9.905697478249840060e+01
-2.749949417588140932e+01 8.085315976079527900e+00 9.908746876685472671e+01
-2.760643793402414303e+01 7.914852860370501730e+00 9.909916661224451673e+01
-2.769737956459721318e+01 7.716556416425191856e+00 9.909206831867322762e+01
-2.777231906756787794e+01 7.490426644254966959e+00 9.906617388613722142e+01
-2.783125644293795631e+01 7.236463543859827041e+00 9.902148331463467912e+01
-2.787419169072018121e+01 6.954667115232950891e+00 9.895799660417469568e+01
-2.790112481091819063e+01 6.645037358376612247e+00 9.887571375474635715e+01
-2.791205580351561366e+01 6.307574273298996559e+00 9.877463476635603001e+01
-2.790698466852700221e+01 5.942277859984642419e+00 9.865475963899552880e+01
-2.788591140594326134e+01 5.549148118451739720e+00 9.851608837267576746e+01
-2.784883601577348600e+01 5.128185048683008063e+00 9.835862096739037952e+01
-2.779575849800676224e+01 4.679388650692999363e+00 9.818235742314300296e+01
-2.772667885264127108e+01 4.202758924472618673e+00 9.798729773993090930e+01
-2.764159707969156443e+01 3.698295870019137510e+00 9.777344191775409854e+01
-2.754051317915582331e+01 3.165999487343469809e+00 9.754078995661166118e+01
-2.742342715103040973e+01 2.605869776433792140e+00 9.728934185650359723e+01
-2.729033899530622875e+01 2.017906737301927933e+00 9.701909761743900162e+01
-2.714124871198873734e+01 1.402110369938782242e+00 9.673005723940059397e+01
-2.697615630108339246e+01 7.584806743516310235e-01 9.642222072240929265e+01
-2.679506176259019412e+01 8.701765053137933137e-02 9.609558806644417928e+01
-2.659796509650186636e+01 -6.122787015128778876e-01 9.575015927151707729e+01
-2.638486630282932310e+01 -1.339408381791145075e+00 9.538593433762525819e+01
-2.615576538153982256e+01 -2.094371390287051327e+00 9.500291326477599796e+01
-2.591066233268065844e+01 -2.877167727019696031e+00 9.460109605295656365e+01
-2.564955715623000287e+01 -3.687797391979984241e+00 9.418048270217332174e+01
-2.537244985218057991e+01 -4.526260385166096967e+00 9.374107321242627222e+01
-2.507934042053966550e+01 -5.392556706578034209e+00 9.328286758371541509e+01
-2.477022886130725965e+01 -6.286686356217614957e+00 9.280586581604256935e+01
-2.444511517449427629e+01 -7.208649334092115168e+00 9.231006790940045903e+01
-2.410399936007524957e+01 -8.158445640188801917e+00 9.179547386379999807e+01
-2.374688141807200736e+01 -9.136075274511313182e+00 9.126208367923572951e+01
-2.337376134848454967e+01 -1.014153823706874391e+01 9.070989735570401535e+01
-2.298463915128741064e+01 -1.117483452785199916e+01 9.013891489320667461e+01
-2.257951482651697006e+01 -1.223596414686107892e+01 8.954913629174734524e+01
-2.215838837413321016e+01 -1.332492709409780218e+01 8.894056155132238928e+01
-2.172125979416887276e+01 -1.444172336956216895e+01 8.831319067193544470e+01
-2.126812908662395785e+01 -1.558635297325781721e+01 8.766702365358287352e+01
-2.079899625146936160e+01 -1.675881590518110897e+01 8.700206049626831373e+01
-2.031386128873418784e+01 -1.795911216532840626e+01 8.631830119998994633e+01
-1.981272419841116061e+01 -1.918724175371062302e+01 8.561574576474595233e+01
-1.929558498049300397e+01 -2.044320467031684530e+01 8.489439419053633173e+01
-1.876244363497971790e+01 -2.172700091515071108e+01 8.415424647736472252e+01
-1.821330016187130241e+01 -2.303863048821222037e+01 8.339530262522748671e+01
-1.764815456117503345e+01 -2.437809338950137317e+01 8.261756263412826229e+01
-1.706700683288363507e+01 -2.574538961901998846e+01 8.182102650406523026e+01
-1.646985697700438322e+01 -2.714051917676988523e+01 8.100569423503475264e+01
-1.585670499354455387e+01 -2.856348206274196855e+01 8.017156582704410539e+01
-1.522755088248231914e+01 -3.001427827694715234e+01 7.931864128008601256e+01
-1.458239464382495498e+01 -3.149290781937452266e+01 7.844692059416411212e+01
